0 0 0 0 0 0 0 0 0 0 0 0 0 0 0 0 0 0 0 0 0 0 0 0 0 0 0 0 0 0 0 0 0 0 0 0 0 0 0 0 0 0 0 0 0 0 0 0 0 0 0 0 0 0 0 0 0 0 0 0 0 0 0 0 
0 0 0 0 0 0 0 0 0 0 0 0 0 0 0 0 0 0 0 0 0 0 0 0 0 0 0 0 0 0 0 0 0 0 0 0 0 0 0 0 0 0 0 0 0 0 0 0 0 0 0 0 0 0 0 0 0 0 0 0 0 0 0 0 
0 0 0 0 0 0 0 0 0 0 0 0 0 0 0 0 0 0 0 0 0 0 0 0 0 0 0 0 0 0 0 0 0 0 0 0 0 0 0 0 0 0 0 0 0 0 0 0 0 0 0 0 0 0 0 0 0 0 0 0 0 0 0 0 
0 0 0 0 0 0 0 0 0 0 0 0 0 0 0 0 0 0 0 0 0 0 0 0 0 0 0 0 0 0 0 0 0 0 0 0 0 0 0 0 0 0 0 0 0 0 0 0 0 0 0 0 0 0 0 0 0 0 0 0 0 0 0 0 
0 0 0 0 0 0 0 0 0 0 0 0 0 0 0 0 0 0 0 0 0 0 0 0 0 0 0 0 0 0 0 0 0 0 0 0 0 0 0 0 0 0 0 0 0 0 0 0 0 0 0 0 0 0 0 0 0 0 0 0 0 0 0 0 
0 0 0 0 0 0 0 0 0 0 0 0 0 0 0 0 0 0 0 0 0 0 0 0 0 0 0 0 0 0 0 0 0 0 0 0 0 0 0 0 0 0 0 0 0 0 0 0 0 0 0 0 0 0 0 0 0 0 0 0 0 0 0 0 
0 0 0 0 0 0 0 0 0 0 0 0 0 0 0 0 0 0 0 0 0 0 0 0 0 0 0 0 0 0 0 0 0 0 0 0 0 0 0 0 0 0 0 0 0 0 0 0 0 0 0 0 0 0 0 0 0 0 0 0 0 0 0 0 
0 0 0 0 0 0 0 0 0 0 0 0 0 0 0 0 0 0 0 0 0 0 0 0 0 0 0 0 0 0 0 0 0 0 0 0 0 0 0 0 0 0 0 0 0 0 0 0 0 0 0 0 0 0 0 0 0 0 0 0 0 0 0 0 
0 0 0 0 0 0 0 0 0 0 0 0 0 0 0 0 0 0 0 0 0 0 0 0 0 0 0 0 0 0 0 0 0 0 0 0 0 0 0 0 0 0 0 0 0 0 0 0 0 0 0 0 0 0 0 0 0 0 0 0 0 0 0 0 
0 0 0 0 0 0 0 0 0 0 0 0 0 0 0 0 0 0 0 0 0 0 0 0 0 0 0 0 0 0 0 0 0 0 0 0 0 0 0 0 0 0 0 0 0 0 0 0 0 0 0 0 0 0 0 0 0 0 0 0 0 0 0 0 
0 0 0 0 0 0 0 0 0 0 0 0 0 0 0 0 0 0 0 0 0 0 0 0 0 0 0 0 0 0 0 0 0 0 0 0 0 0 0 0 0 0 0 0 0 0 0 0 0 0 0 0 0 0 0 0 0 0 0 0 0 0 0 0 
0 0 0 0 0 0 0 0 0 0 0 0 0 0 0 0 0 0 0 0 0 0 0 0 0 0 0 0 0 0 0 0 0 0 0 0 0 0 0 0 0 0 0 0 0 0 0 0 0 0 0 0 0 0 0 0 0 0 0 0 0 0 0 0 
0 0 0 0 0 0 0 0 0 0 0 0 0 0 0 0 0 0 0 0 0 0 0 0 0 0 0 0 0 0 0 0 0 0 0 0 0 0 0 0 0 0 0 0 0 0 0 0 0 0 0 0 0 0 0 0 0 0 0 0 0 0 0 0 
0 0 0 0 0 0 0 0 0 0 0 0 0 0 0 0 0 0 0 0 0 0 0 0 0 0 0 0 0 0 0 0 0 0 0 0 0 0 0 0 0 0 0 0 0 0 0 0 0 0 0 0 0 0 0 0 0 0 0 0 0 0 0 0 
0 0 0 0 0 0 0 0 0 0 0 0 0 0 0 0 0 0 0 0 0 0 0 0 0 0 0 0 0 0 0 0 0 0 0 0 0 0 0 0 0 0 0 0 0 0 0 0 0 0 0 0 0 0 0 0 0 0 0 0 0 0 0 0 
0 0 0 0 0 0 0 0 0 0 0 0 0 0 0 0 0 0 0 0 0 0 0 0 0 0 0 0 0 0 0 0 0 0 0 0 0 0 0 0 0 0 0 0 0 0 0 0 0 0 0 0 0 0 0 0 0 0 0 0 0 0 0 0 
0 0 0 0 0 0 0 0 0 0 0 0 0 0 0 0 0 0 0 0 0 0 0 0 0 0 0 0 0 0 0 0 0 0 0 0 0 0 0 0 0 0 0 0 0 0 0 0 0 0 0 0 0 0 0 0 0 0 0 0 0 0 0 0 
0 0 0 0 0 0 0 0 0 0 0 0 0 0 0 0 0 0 0 0 0 0 0 0 0 0 0 0 0 0 0 0 0 0 0 0 0 0 0 0 0 0 0 0 0 0 0 0 0 0 0 0 0 0 0 0 0 0 0 0 0 0 0 0 
0 0 0 0 0 0 0 0 0 0 0 0 0 0 0 0 0 0 0 0 0 0 0 0 0 0 0 0 0 0 0 0 0 0 0 0 0 0 0 0 0 0 0 0 0 0 0 0 0 0 0 0 0 0 0 0 0 0 0 0 0 0 0 0 
0 0 0 0 0 0 0 0 0 0 0 0 0 0 0 0 0 0 0 0 0 0 0 0 0 0 0 0 0 0 0 0 0 0 0 0 0 0 0 0 0 0 0 0 0 0 0 0 0 0 0 0 0 0 0 0 0 0 0 0 0 0 0 0 
0.0976154 0.0989095 0.0805775 0.0812193 0.056644 0.0569797 0.029031 0.0291702 0 0 0 0 0 0 0 0 0 0 0 0 0 0 0 0 0 0 0 0 0 0 0 0 0 0 0 0 0 0 0 0 0 0 0 0 0 0 0 0 0 0 0 0 0 0 0 0 0 0 0 0 0 0 0 0 
0.0774471 0.0799597 0.11107 0.118574 0.126129 0.143874 0.149532 0.154848 0.153918 0.157646 0.144729 0.146956 0.149359 0.126533 0.127874 0.0994257 0.100205 0.0681091 0.0685192 0.0345795 0.0347597 0 0 0 0 0 0 0 0 0 0 0 0 0 0 0 0 0 0 0 0 0 0 0 0 0 0 0 0 0 0 0 0 0 0 0 0 0 0 0 0 0 0 0 
0.0485768 0.0520079 0.0650816 0.0705542 0.07157 0.0743533 0.0972015 0.106011 0.112752 0.131298 0.176811 0.191422 0.206287 0.221132 0.235974 0.246974 0.257746 0.252983 0.260757 0.243437 0.248676 0.253916 0.225944 0.22909 0.195563 0.19776 0.160543 0.161861 0.122518 0.123344 0.0827895 0.0832716 0.0418851 0.042124 0 0 0 0 0 0 0 0 0 0 0 0 0 0 0 0 0 0 0 0 0 0 0 0 0 0 0 0 0 0 
0.0423189 0.0475606 0.050586 0.0486692 0.0510324 0.0578854 0.0673073 0.068641 0.0788215 0.0822743 0.0928886 0.100352 0.133924 0.154218 0.191494 0.229066 0.265949 0.314228 0.343581 0.371986 0.399346 0.410285 0.430876 0.450459 0.438862 0.452487 0.465913 0.437173 0.446067 0.409235 0.414662 0.419291 0.375952 0.378405 0.332978 0.334118 0.288143 0.241957 0.242591 0.196035 0.196594 0.149568 0.150212 0.101666 0.0514437 0.051776 0 0 0 0 0 0 0 0 0 0 0 0 0 0 0 0 0 0 
0.0373575 0.0400489 0.0368538 0.0377049 0.0438962 0.0459142 0.043245 0.0516283 0.0514644 0.0573779 0.0614414 0.0687094 0.0737281 0.0977299 0.11366 0.133514 0.168847 0.239689 0.310555 0.379355 0.445266 0.508609 0.560701 0.610293 0.655939 0.699615 0.738481 0.733655 0.760754 0.783491 0.802125 0.765487 0.774016 0.778009 0.777472 0.72315 0.714497 0.657603 0.643446 0.624846 0.569543 0.547371 0.498676 0.45455 0.433374 0.397316 0.377403 0.348659 0.320891 0.308317 0.284033 0.255587 0.220607 0.218347 0.1765 0.176275 0.125408 0.0651614 0.0656329 0 0 0 0 0 
0.0302803 0.0266095 0.0249963 0.0310045 0.0325339 0.0271817 0.0332864 0.0351652 0.0327603 0.0383854 0.0362376 0.0392262 0.0440211 0.0447066 0.048312 0.0724825 0.0868955 0.118041 0.223974 0.339824 0.450531 0.555834 0.655178 0.749598 0.837059 0.916861 0.988672 1.0518 1.10675 1.15255 1.18913 1.21437 1.22803 1.23082 1.22266 1.2023 1.16814 1.12096 1.06003 0.985081 0.89674 0.792884 0.674137 0.540511 0.413051 0.260276 0.0932501 0.0236445 0.0241232 0.0228428 0.0331809 0.0324709 0.0440653 0.0460212 0.0417468 0.0572198 0.0506743 0.0745343 0.0704835 0.0824501 0.0956421 0.0928782 0.104532 0.0762356 
0.0238688 0.017318 0.0210579 0.0228856 0.0211903 0.0208863 0.0211998 0.0129275 0.0222181 0.0154376 0.0245212 0.0638887 0.10182 0.104144 0.0513673 -0.0328103 -0.0545473 -0.0912435 0.0485972 0.237436 0.416745 0.585891 0.744871 0.909198 1.05401 1.18585 1.30281 1.40566 1.49141 1.61612 1.67175 1.70773 1.72726 1.72661 1.76414 1.72427 1.66506 1.63263 1.52418 1.39253 1.27873 1.10182 0.926444 0.70141 0.471271 0.195184 -0.0911829 -0.338014 -0.328924 -0.283528 -0.0884038 0.00207598 -0.00991777 -0.113249 -0.168361 -0.188318 -0.135217 -0.111348 -0.090724 -0.0667747 -0.0111027 0.0157017 0.0843595 0.0645664 
0.00235669 0.00479175 0.00672288 0.00477874 -0.011273 -0.0151817 -0.0152543 -0.020658 -0.0277034 -0.0198784 0.168363 0.298724 0.361414 0.362839 0.288395 0.126443 -0.157417 -0.41497 -0.0929532 0.185502 0.441483 0.672732 0.916241 1.12027 1.30565 1.5176 1.66691 1.80191 1.96359 2.06226 2.13062 2.23421 2.25872 2.31147 2.2794 2.28701 2.20756 2.16136 2.02765 1.92141 1.74347 1.57479 1.38488 1.11916 0.881072 0.575602 0.318311 0.0693968 0.328206 0.755121 0.960124 1.12778 1.10277 1.00929 0.727651 0.416058 0.310624 0.350708 0.330456 0.347299 0.35202 0.337158 0.33964 0.318228 
-0.0255297 -0.035712 -0.0355094 -0.049105 -0.0504863 -0.0548883 -0.103745 -0.146632 -0.151386 0.150288 0.370018 0.514705 0.578187 0.533458 0.413433 0.235241 -0.0193818 -0.153288 -0.125232 0.204829 0.550235 0.848877 1.1165 1.41012 1.63561 1.88847 2.06989 2.27365 2.40124 2.54935 2.62135 2.73058 2.73733 2.79928 2.76263 2.80854 2.71965 2.72188 2.68906 2.52143 2.42363 2.21224 2.02898 1.77444 1.5437 1.24975 0.994717 1.09056 1.36857 1.74397 1.95046 2.08552 2.03849 1.86953 1.6144 1.22024 0.675841 0.547704 0.476787 0.460576 0.404655 0.270077 0.264208 0.253959 
-0.0754156 -0.084578 -0.123131 -0.14613 -0.163422 -0.27967 -0.355678 -0.411122 -0.139434 0.224156 0.487318 0.713325 0.826787 0.863303 0.882308 0.733795 0.605169 0.535767 0.571619 0.675279 1.08669 1.36051 1.74265 1.97224 2.32727 2.51244 2.79853 3.02735 3.14519 3.29257 3.34226 3.4324 3.45997 3.48099 3.42282 3.41207 3.30847 3.26486 3.12683 3.02214 2.8425 2.62752 2.44214 2.20765 1.96328 1.70155 1.70004 1.94484 2.17201 2.50003 2.69663 2.75698 2.70915 2.51137 2.19628 1.72782 1.13929 0.560382 0.450998 0.348504 0.289747 0.228349 0.172029 0.193819 
-0.355525 -0.377073 -0.444995 -0.434866 -0.416686 -0.354062 -0.336812 -0.0665044 0.394952 0.89944 1.21603 1.59458 1.71136 1.88688 1.83553 1.80822 1.68928 1.66852 1.68929 1.64836 1.92922 2.26075 2.52688 2.79784 3.02702 3.19932 3.39076 3.50758 3.67705 3.78319 3.90558 3.92921 3.93688 3.98927 3.92165 3.84756 3.80067 3.65512 3.51038 3.3167 3.1421 2.90251 2.65652 2.38168 2.14059 1.93123 2.26325 2.53558 2.68071 3.00563 3.16899 3.20069 3.11251 2.92029 2.57331 2.06887 1.48366 0.750411 0.386233 0.265238 0.238873 0.200934 0.174569 0.162411 
0.251715 0.222024 0.326058 0.421685 0.429756 0.499954 0.576217 0.879593 1.39741 1.79315 2.18924 2.46505 2.6268 2.69619 2.67893 2.55788 2.33574 2.33316 2.26096 2.02634 2.23615 2.55843 2.88411 3.17109 3.45322 3.66747 3.86595 4.02494 4.21298 4.31147 4.36265 4.41661 4.43211 4.40199 4.39589 4.30358 4.18038 4.04156 3.87488 3.65585 3.39376 3.12456 2.82346 2.48525 2.16306 1.94779 2.44906 2.75109 2.88363 3.20451 3.42127 3.4988 3.44766 3.22255 2.86769 2.31422 1.66707 0.847721 0.287043 0.209015 0.186183 0.145736 0.131471 0.12986 
-0.181888 -0.267235 -0.272654 -0.300071 -0.313633 -0.361738 -0.36637 0.199531 1.12898 1.80329 2.37355 2.71923 2.91541 2.8783 2.71048 2.34379 1.89137 1.93367 1.80683 1.46612 1.93947 2.50605 2.97962 3.37808 3.71945 4.09916 4.34409 4.57247 4.76055 4.88224 5.00527 5.0494 5.00518 4.97643 4.90137 4.74376 4.56409 4.35722 4.13459 3.85539 3.55331 3.21216 2.85254 2.43471 2.03709 1.77787 2.362 2.70039 2.85762 3.31083 3.59893 3.70581 3.64035 3.401 3.00463 2.39819 1.65407 0.751593 0.123275 0.10462 0.103933 0.0590502 0.0644003 0.0824382 
-0.0265942 -0.0632288 -0.0801108 -0.0741327 -0.0122771 0.0033539 0.00212223 0.527746 1.48 2.23922 2.83478 3.20804 3.36921 3.38124 3.19165 2.92069 2.41676 2.34503 2.20859 1.75077 2.15665 2.6756 3.15083 3.60617 4.01641 4.43571 4.74805 5.00948 5.16849 5.32762 5.40078 5.46496 5.40897 5.36768 5.30721 5.10379 4.94024 4.7285 4.47671 4.12414 3.76214 3.35011 2.9047 2.34938 1.83694 1.36228 1.99783 2.38314 2.5774 3.21006 3.58173 3.7284 3.67423 3.40525 2.96032 2.30289 1.48153 0.482767 -0.017191 0.0265419 0.0319918 0.00101847 0.0039185 0.0305455 
0.00490986 -0.0403247 -0.0445988 -0.0396648 0.0141885 0.0293646 0.00135603 0.280513 1.23571 1.98636 2.59554 2.95182 3.20476 3.23207 3.12104 2.8365 2.40026 2.36575 2.2281 2.01096 2.59189 3.14958 3.66193 4.1064 4.51806 4.79991 5.13953 5.31145 5.52457 5.59288 5.72628 5.77761 5.78374 5.72152 5.59405 5.4936 5.24261 5.01227 4.72054 4.31742 3.92225 3.46826 2.97279 2.40517 1.79227 1.20306 1.65028 1.99152 2.21595 2.81002 3.24537 3.4872 3.46692 3.1839 2.69292 1.98493 1.0982 -0.0130563 -0.225444 -0.112879 -0.0779935 -0.0501508 -0.0332485 -0.0282787 
-0.0186957 -0.0116878 -0.0466052 -0.0213403 0.0236912 0.0208893 0.00308263 -0.00765784 0.827108 1.54298 2.15124 2.55481 2.79916 2.80819 2.70017 2.39389 1.91993 1.8058 1.65915 1.87835 2.4694 3.05435 3.54906 4.02323 4.41133 4.79546 5.1361 5.42847 5.64946 5.81933 5.91804 5.99988 6.04434 6.02661 5.93156 5.80022 5.63979 5.39556 4.98018 4.64649 4.13751 3.73268 3.20811 2.67718 2.00819 1.38625 1.23179 1.65684 1.92179 2.55437 2.95082 3.05124 2.99183 2.69052 2.13911 1.36763 0.43467 -0.479143 -0.395123 -0.320589 -0.237644 -0.146949 -0.150889 -0.106208 
-0.0562177 -0.0566031 -0.0463108 -0.00607747 -0.0102704 -0.0409095 0.00435511 0.00680016 0.197233 0.936474 1.53961 1.95357 2.17549 2.24599 2.11038 1.80618 1.30191 0.977577 1.03634 1.68139 2.30974 2.86976 3.39333 3.86143 4.29234 4.65697 4.96325 5.23196 5.47103 5.65127 5.79045 5.86517 5.86995 5.82796 5.76997 5.65551 5.46948 5.23987 4.95316 4.62682 4.25682 3.83205 3.36538 2.86204 2.28759 1.67344 1.02508 1.19739 1.71138 2.35815 2.74298 2.73637 2.66439 2.25059 1.70661 0.796639 -0.184545 -0.527849 -0.507831 -0.481557 -0.430098 -0.39871 -0.266349 -0.23114 
-0.0612245 -0.0546886 -0.0953616 -0.0773232 -0.0441677 -0.0584177 -0.0521136 -0.0269702 -0.0448171 0.133812 0.69777 1.11424 1.36693 1.42325 1.30722 0.998586 0.512636 0.163032 0.840645 1.48936 2.0918 2.64769 3.16122 3.62762 4.05151 4.42811 4.75601 5.03767 5.26516 5.43756 5.55701 5.62618 5.6596 5.6382 5.56606 5.42822 5.23951 5.01601 4.74083 4.41429 4.04504 3.61602 3.14722 2.62992 2.05432 1.44655 0.792819 0.105416 0.628306 1.26429 1.67998 1.84882 1.76231 1.45695 0.899811 0.139492 -0.0523292 -0.0722373 -0.0799713 -0.0853185 -0.0729849 -0.0885858 -0.109151 -0.245382 
-0.0137089 0.00267391 0.0102956 -0.0382469 -0.00585237 0.00723893 -0.0363742 -0.00773003 -0.0124697 -0.0107518 -0.020664 0.151373 0.360427 0.40599 0.280911 0.0373002 -0.0280472 -0.0274575 0.548426 1.20124 1.81066 2.37596 2.89633 3.36709 3.78812 4.16148 4.48781 4.7656 4.99089 5.16517 5.29269 5.36618 5.3889 5.36118 5.28769 5.16088 4.98599 4.75769 4.47857 4.15028 3.77367 3.35075 2.87612 2.3538 1.79134 1.1844 0.532062 -0.0404722 -0.0414936 0.0381797 0.373936 0.536622 0.460005 0.163679 -0.0566351 -0.053762 -0.0697469 -0.0629626 -0.0679428 -0.076027 -0.085454 -0.078962 -0.098144 -0.0890899 
-0.0545804 -0.033242 -0.0149474 -0.00951427 -0.0510066 -0.0221973 -0.0109316 -0.0403997 -0.0144826 -0.0327903 -0.0153503 -0.0354444 -0.0236056 -0.0211943 -0.021605 -0.0226938 -0.0286694 -0.0278844 0.23803 0.891965 1.50098 2.06329 2.57883 3.0481 3.4704 3.84302 4.16821 4.44147 4.66637 4.84165 4.96571 5.04077 5.06449 5.03877 4.96279 4.83588 4.65931 4.43184 4.15463 3.82809 3.45424 3.03029 2.56165 2.04362 1.4799 0.870374 0.215198 -0.0522974 -0.0550725 -0.0542786 -0.0557215 -0.0603869 -0.0626642 -0.055564 -0.0659682 -0.0647958 -0.070262 -0.0652302 -0.0927736 -0.0792835 -0.0774841 -0.109533 -0.0940004 -0.088354 
-0.00998997 -0.0428304 -0.0436419 -0.0228818 -0.0126364 -0.0519631 -0.028552 -0.0179847 -0.0419021 -0.0204731 -0.0407697 -0.0198905 -0.0339136 -0.0327461 -0.0306613 -0.031937 -0.0291532 -0.0258607 -0.0269544 0.524241 1.13083 1.69282 2.20819 2.67563 3.09594 3.46914 3.79273 4.06606 4.29189 4.46714 4.59199 4.6671 4.69193 4.66647 4.59081 4.46537 4.28904 4.06264 3.78773 3.46401 3.0902 2.66922 2.20105 1.68478 1.12207 0.515457 -0.0344006 -0.0367019 -0.0378275 -0.0421365 -0.0439358 -0.0403689 -0.0372619 -0.0519852 -0.0381802 -0.0540223 -0.0369814 -0.0645425 -0.0451326 -0.109313 -0.140043 -0.182039 -0.165999 -0.2209 
-0.0246254 -0.0104224 -0.0180562 -0.0466532 -0.0310366 -0.0127947 -0.0338796 -0.0355146 -0.0168804 -0.038913 -0.0206326 -0.0387948 -0.0224086 -0.0303315 -0.0332805 -0.0315434 -0.0301361 -0.0296396 -0.0288931 0.119574 0.720403 1.28062 1.794 2.26098 2.68088 3.05261 3.37424 3.64896 3.8733 4.04884 4.17345 4.24817 4.27285 4.24757 4.17217 4.04701 3.87129 3.64599 3.37235 3.04805 2.67649 2.25572 1.78815 1.27345 0.714261 0.112871 -0.0883011 -0.091216 -0.139396 -0.139829 -0.183391 -0.188056 -0.23478 -0.216911 -0.246277 -0.217934 -0.233804 -0.162402 -0.152812 -0.137777 -0.102876 -0.100251 -0.104128 -0.111707 
-0.0408794 -0.0433771 -0.0217418 -0.00924165 -0.0199536 -0.0398935 -0.0205348 -0.0116227 -0.0355055 -0.0184926 -0.0240111 -0.0235701 -0.0260377 -0.0199752 -0.028558 -0.0284413 -0.0251748 -0.0244361 -0.0268398 -0.0237289 0.263545 0.82249 1.33372 1.80033 2.22011 2.5888 2.91187 3.18326 3.40713 3.58202 3.70618 3.78086 3.80529 3.7803 3.66279 3.49512 3.31907 3.05239 2.77665 2.4124 2.04252 1.58507 1.12061 0.576503 0.0231634 -0.281218 -0.274012 -0.260799 -0.242356 -0.218335 -0.191468 -0.138073 -0.114866 -0.102985 -0.0841339 -0.084842 -0.0676055 -0.0730741 -0.0692017 -0.0527198 -0.0610728 -0.0747353 -0.0596316 -0.0455958 
-0.00796537 -0.00322168 -0.0161142 -0.0348567 -0.0217168 -0.00759154 -0.0134108 -0.0327791 -0.0144586 -0.0130235 -0.0275293 -0.0108992 -0.024623 -0.0126824 -0.023751 -0.0239375 -0.0192234 -0.0244099 -0.0191502 -0.0234603 -0.0175523 0.282667 0.793402 1.22084 1.60382 1.97201 2.25754 2.52783 2.71522 2.88812 2.97524 3.04893 3.03649 3.0113 2.90065 2.77783 2.57212 2.35366 2.05846 1.74923 1.39426 0.980386 0.541623 0.0595417 -0.231795 -0.189872 -0.135686 -0.0838836 -0.0699674 -0.0589009 -0.0527471 -0.0551762 -0.0369561 -0.0460452 -0.0347382 -0.0375065 -0.0453014 -0.026601 -0.0319484 -0.0444576 -0.0402346 -0.0261381 -0.0294182 -0.0394619 
-0.00829532 -0.0145017 -0.0189422 -0.00773486 -0.00377163 -0.0104939 -0.018528 -0.0103728 -0.0353541 -0.0425348 -0.0726414 -0.0669086 -0.103147 -0.120341 -0.127711 -0.148032 -0.169024 -0.172125 -0.193305 -0.212381 -0.223161 -0.240024 0.0249266 0.478285 0.865755 1.22385 1.51198 1.77245 1.9602 2.12471 2.24206 2.28334 2.30672 2.2851 2.18872 2.07822 1.92347 1.72552 1.47138 1.19483 0.877929 0.521401 0.127378 -0.059536 -0.0352838 -0.0271348 -0.0203656 -0.0180659 -0.0171709 -0.0115466 -0.0106184 -0.0142217 -0.0117754 -0.0120633 -0.0189527 -0.0100305 -0.0154978 -0.0249144 -0.0140087 -0.00931122 -0.0162999 -0.0275378 -0.0294726 -0.0168159 
-0.0801672 -0.0945722 -0.0991997 -0.100879 -0.0917318 -0.0772331 -0.0691461 -0.0655366 -0.0614299 -0.0556266 -0.0577407 -0.0544998 -0.0577157 -0.0613518 -0.0572832 -0.0617933 -0.0648741 -0.0705319 -0.0718327 -0.0774833 -0.0913552 -0.101705 -0.131493 -0.0467636 0.30572 0.61981 0.891675 1.11078 1.29467 1.43843 1.54137 1.60439 1.62774 1.61216 1.55794 1.46542 1.33508 1.16762 0.964645 0.7255 0.452276 0.166666 0.0399268 0.0298817 0.0265755 0.0187351 0.0170168 0.0132367 0.0123579 0.00813298 0.00795524 0.00397391 0.00466937 0.00358296 -0.00314907 0.00119437 0.00290485 -0.00248351 -0.00955436 -0.00719824 -0.00146358 -0.000381615 -0.00482562 -0.0121222 
-0.00923723 -0.0106354 -0.011796 -0.0117849 -0.0120477 -0.0115321 -0.0110598 -0.0117928 -0.0151618 -0.0180651 -0.017248 -0.0168305 -0.0171109 -0.0183768 -0.0167816 -0.0201351 -0.0196776 -0.0187825 -0.023165 -0.022981 -0.0238539 -0.0251575 -0.0251657 -0.021884 -0.00101168 0.182165 0.389438 0.569277 0.718333 0.833971 0.933417 0.988536 1.01089 1.00207 0.961401 0.889023 0.797872 0.661713 0.495233 0.299864 0.127339 0.0756286 0.0579641 0.0447662 0.0351154 0.0285145 0.0251854 0.0224501 0.0209936 0.018787 0.0155616 0.0138541 0.0133198 0.00921362 0.00872607 0.0092821 0.00885094 0.00670894 0.00339129 0.00256903 0.00288197 0.00399256 0.00334691 0.00391891 
-0.00545465 -0.00523594 -0.00525266 -0.00557902 -0.00558075 -0.0055667 -0.00514364 -0.00489475 -0.00568832 -0.00600262 -0.00581462 -0.00538883 -0.00583053 -0.00567969 -0.00652624 -0.00763285 -0.00711221 -0.00712199 -0.00815203 -0.0101241 -0.00911496 -0.00786926 -0.01133 -0.00546138 -0.00494158 0.0017123 0.0105691 0.0938983 0.215866 0.318675 0.392001 0.438556 0.467578 0.462314 0.438944 0.379893 0.294746 0.187812 0.10874 0.092813 0.0696999 0.0565627 0.0425226 0.0395656 0.0325232 0.0289624 0.0244045 0.0234011 0.0206254 0.0181011 0.0169485 0.0156877 0.0168304 0.0149739 0.0130109 0.0114591 0.0120627 0.0133629 0.0125833 0.0125253 0.0106131 0.00823552 0.00697662 0.00642264 
-0.00244885 -0.0023375 -0.00207097 -0.00187288 -0.00177335 -0.00174122 -0.00223335 -0.00289972 -0.00280132 -0.00247148 -0.00213362 -0.00183049 -0.00157128 -0.00128426 -0.000937998 -0.000970691 -0.00137493 -0.00217208 -0.00240962 -0.00202321 -0.00104345 -0.000506648 -0.000484104 -0.00138563 -0.000889393 -0.000513341 -0.000437991 -0.000398918 -6.42217e-05 0.000371478 0.00511029 0.0175788 0.0264468 0.0251701 0.0193107 0.0183237 0.0209366 0.0231997 0.0254258 0.0262389 0.0249367 0.0239996 0.0212026 0.0188121 0.0171747 0.0179163 0.0157558 0.013744 0.0147437 0.014555 0.012381 0.0124405 0.0125465 0.0124499 0.0112061 0.0101387 0.010563 0.0115831 0.0104871 0.0103724 0.0105327 0.00988358 0.00933575 0.00879203 
-3.17991e-05 -2.35399e-05 -1.65332e-05 -8.78384e-06 -2.86894e-06 -1.97951e-06 -9.10585e-07 -3.11151e-07 -8.39421e-08 -8.7389e-09 0 0 0 0 0 0 0 0 0 0 0 0 0 0 0 0 0 0 0 0 0 0 0 0 0 0 0 0 0 0 0 5.90857e-06 4.80122e-05 8.73428e-05 0.000364029 0.000617382 0.000980025 0.000943623 0.00107365 0.00121886 0.00255855 0.00337895 0.00314459 0.0033233 0.0037982 0.00454173 0.00476574 0.00429489 0.00377248 0.00397299 0.0047753 0.0051946 0.00536434 0.00503975 
0 0 0 0 0 0 0 0 0 0 0 0 0 0 0 0 0 0 0 0 0 0 0 0 0 0 0 0 0 0 0 0 0 0 0 0 0 0 0 0 0 0 0 0 0 0 0 0 0 0 0 0 0 0 -7.77975e-06 -4.41156e-05 -0.000150559 -4.44297e-05 3.56642e-05 0.000280497 0.000664795 0.00101072 0.00126267 0.00121636 
0 0 0 0 0 0 0 0 0 0 0 0 0 0 0 0 0 0 0 0 0 0 0 0 0 0 0 0 0 0 0 0 0 0 0 0 0 0 0 0 0 0 0 0 0 0 0 0 0 0 0 0 0 0 0 0 0 0 0 0 0 0 0 0 
0 0 0 0 0 0 0 0 0 0 0 0 0 0 0 0 0 0 0 0 0 0 0 0 0 0 0 0 0 0 0 0 0 0 0 0 0 0 0 0 0 0 0 0 0 0 0 0 0 0 0 0 0 0 0 0 0 0 0 0 0 0 0 0 
0 0 0 0 0 0 0 0 0 0 0 0 0 0 0 0 0 0 0 0 0 0 0 0 0 0 0 0 0 0 0 0 0 0 0 0 0 0 0 0 0 0 0 0 0 0 0 0 0 0 0 0 0 0 0 0 0 0 0 0 0 0 0 0 
0 0 0 0 0 0 0 0 0 0 0 0 0 0 0 0 0 0 0 0 0 0 0 0 0 0 0 0 0 0 0 0 0 0 0 0 0 0 0 0 0 0 0 0 0 0 0 0 0 0 0 0 0 0 0 0 0 0 0 0 0 0 0 0 
0 0 0 0 0 0 0 0 0 0 0 0 0 0 0 0 0 0 0 0 0 0 0 0 0 0 0 0 0 0 0 0 0 0 0 0 0 0 0 0 0 0 0 0 0 0 0 0 0 0 0 0 0 0 0 0 0 0 0 0 0 0 0 0 
0 0 0 0 0 0 0 0 0 0 0 0 0 0 0 0 0 0 0 0 0 0 0 0 0 0 0 0 0 0 0 0 0 0 0 0 0 0 0 0 0 0 0 0 0 0 0 0 0 0 0 0 0 0 0 0 0 0 0 0 0 0 0 0 
0 0 0 0 0 0 0 0 0 0 0 0 0 0 0 0 0 0 0 0 0 0 0 0 0 0 0 0 0 0 0 0 0 0 0 0 0 0 0 0 0 0 0 0 0 0 0 0 0 0 0 0 0 0 0 0 0 0 0 0 0 0 0 0 
0 0 0 0 0 0 0 0 0 0 0 0 0 0 0 0 0 0 0 0 0 0 0 0 0 0 0 0 0 0 0 0 0 0 0 0 0 0 0 0 0 0 0 0 0 0 0 0 0 0 0 0 0 0 0 0 0 0 0 0 0 0 0 0 
0 0 0 0 0 0 0 0 0 0 0 0 0 0 0 0 0 0 0 0 0 0 0 0 0 0 0 0 0 0 0 0 0 0 0 0 0 0 0 0 0 0 0 0 0 0 0 0 0 0 0 0 0 0 0 0 0 0 0 0 0 0 0 0 
0 0 0 0 0 0 0 0 0 0 0 0 0 0 0 0 0 0 0 0 0 0 0 0 0 0 0 0 0 0 0 0 0 0 0 0 0 0 0 0 0 0 0 0 0 0 0 0 0 0 0 0 0 0 0 0 0 0 0 0 0 0 0 0 
0 0 0 0 0 0 0 0 0 0 0 0 0 0 0 0 0 0 0 0 0 0 0 0 0 0 0 0 0 0 0 0 0 0 0 0 0 0 0 0 0 0 0 0 0 0 0 0 0 0 0 0 0 0 0 0 0 0 0 0 0 0 0 0 
0 0 0 0 0 0 0 0 0 0 0 0 0 0 0 0 0 0 0 0 0 0 0 0 0 0 0 0 0 0 0 0 0 0 0 0 0 0 0 0 0 0 0 0 0 0 0 0 0 0 0 0 0 0 0 0 0 0 0 0 0 0 0 0 
0 0 0 0 0 0 0 0 0 0 0 0 0 0 0 0 0 0 0 0 0 0 0 0 0 0 0 0 0 0 0 0 0 0 0 0 0 0 0 0 0 0 0 0 0 0 0 0 0 0 0 0 0 0 0 0 0 0 0 0 0 0 0 0 
