0 0 0 0 0 0 0 0 0 0 0 0 0 0 0 0 0 0 0 0 0 0 0 0 0 0 0 0 0 0 0 0 0 0 0 0 0 0 0 0 0 0 0 0 0 0 0 0 0 0 0 0 0 0 0 0 0 0 0 0 0 0 0 0 
0 0 0 0 0 0 0 0 0 0 0 0 0 0 0 0 0 0 0 0 0 0 0 0 0 0 0 0 0 0 0 0 0 0 0 0 0 0 0 0 0 0 0 0 0 0 0 0 0 0 0 0 0 0 0 0 0 0 0 0 0 0 0 0 
0 0 0 0 0 0 0 0 0 0 0 0 0 0 0 0 0 0 0 0 0 0 0 0 0 0 0 0 0 0 0 0 0 0 0 0 0 0 0 0 0 0 0 0 0 0 0 0 0 0 0 0 0 0 0 0 0 0 0 0 0 0 0 0 
0 0 0 0 0 0 0 0 0 0 0 0 0 0 0 0 0 0 0 0 0 0 0 0 0 0 0 0 0 0 0 0 0 0 0 0 0 0 0 0 0 0 0 0 0 0 0 0 0 0 0 0 0 0 0 0 0 0 0 0 0 0 0 0 
0 0 0 0 0 0 0 0 0 0 0 0 0 0 0 0 0 0 0 0 0 0 0 0 0 0 0 0 0 0 0 0 0 0 0 0 0 0 0 0 0 0 0 0 0 0 0 0 0 0 0 0 0 0 0 0 0 0 0 0 0 0 0 0 
0 0 0 0 0 0 0 0 0 0 0 0 0 0 0 0 0 0 0 0 0 0 0 0 0 0 0 0 0 0 0 0 0 0 0 0 0 0 0 0 0 0 0 0 0 0 0 0 0 0 0 0 0 0 0 0 0 0 0 0 0 0 0 0 
0 0 0 0 0 0 0 0 0 0 0 0 0 0 0 0 0 0 0 0 0 0 0 0 0 0 0 0 0 0 0 0 0 0 0 0 0 0 0 0 0 0 0 0 0 0 0 0 0 0 0 0 0 0 0 0 0 0 0 0 0 0 0 0 
0 0 0 0 0 0 0 0 0 0 0 0 0 0 0 0 0 0 0 0 0 0 0 0 0 0 0 0 0 0 0 0 0 0 0 0 0 0 0 0 0 0 0 0 0 0 0 0 0 0 0 0 0 0 0 0 0 0 0 0 0 0 0 0 
0 0 0 0 0 0 0 0 0 0 0 0 0 0 0 0 0 0 0 0 0 0 0 0 0 0 0 0 0 0 0 0 0 0 0 0 0 0 0 0 0 0 0 0 0 0 0 0 0 0 0 0 0 0 0 0 0 0 0 0 0 0 0 0 
0 0 0 0 0 0 0 0 0 0 0 0 0 0 0 0 0 0 0 0 0 0 0 0 0 0 0 0 0 0 0 0 0 0 0 0 0 0 0 0 0 0 0 0 0 0 0 0 0 0 0 0 0 0 0 0 0 0 0 0 0 0 0 0 
0 0 0 0 0 0 0 0 0 0 0 0 0 0 0 0 0 0 0 0 0 0 0 0 0 0 0 0 0 0 0 0 0 0 0 0 0 0 0 0 0 0 0 0 0 0 0 0 0 0 0 0 0 0 0 0 0 0 0 0 0 0 0 0 
0 0 0 0 0 0 0 0 0 0 0 0 0 0 0 0 0 0 0 0 0 0 0 0 0 0 0 0 0 0 0 0 0 0 0 0 0 0 0 0 0 0 0 0 0 0 0 0 0 0 0 0 0 0 0 0 0 0 0 0 0 0 0 0 
0 0 0 0 0 0 0 0 0 0 0 0 0 0 0 0 0 0 0 0 0 0 0 0 0 0 0 0 0 0 0 0 0 0 0 0 0 0 0 0 0 0 0 0 0 0 0 0 0 0 0 0 0 0 0 0 0 0 0 0 0 0 0 0 
0 0 0 0 0 0 0 0 0 0 0 0 0 0 0 0 0 0 0 0 0 0 0 0 0 0 0 0 0 0 0 0 0 0 0 0 0 0 0 0 0 0 0 0 0 0 0 0 0 0 0 0 0 0 0 0 0 0 0 0 0 0 0 0 
0 0 0 0 0 0 0 0 0 0 0 0 0 0 0 0 0 0 0 0 0 0 0 0 0 0 0 0 0 0 0 0 0 0 0 0 0 0 0 0 0 0 0 0 0 0 0 0 0 0 0 0 0 0 0 0 0 0 0 0 0 0 0 0 
0 0 0 0 0 0 0 0 0 0 0 0 0 0 0 0 0 0 0 0 0 0 0 0 0 0 0 0 0 0 0 0 0 0 0 0 0 0 0 0 0 0 0 0 0 0 0 0 0 0 0 0 0 0 0 0 0 0 0 0 0 0 0 0 
0 0 0 0 0 0 0 0 0 0 0 0 0 0 0 0 0 0 0 0 0 0 0 0 0 0 0 0 0 0 0 0 0 0 0 0 0 0 0 0 0 0 0 0 0 0 0 0 0 0 0 0 0 0 0 0 0 0 0 0 0 0 0 0 
0 0 0 0 0 0 0 0 0 0 0 0 0 0 0 0 0 0 0 0 0 0 0 0 0 0 0 0 0 0 0 0 0 0 0 0 0 0 0 0 0 0 0 0 0 0 0 0 0 0 0 0 0 0 0 0 0 0 0 0 0 0 0 0 
0 0 0 0 0 0 0 0 0 0 0 0 0 0 0 0 0 0 0 0 0 0 0 0 0 0 0 0 0 0 0 0 0 0 0 0 0 0 0 0 0 0 0 0 0 0 0 0 0 0 0 0 0 0 0 0 0 0 0 0 0 0 0 0 
0 0 0 0 0 0 0 0 0 0 0 0 0 0 0 0 0 0 0 0 0 0 0 0 0 0 0 0 0 0 0 0 0 0 0 0 0 0 0 0 0 0 0 0 0 0 0 0 0 0 0 0 0 0 0 0 0 0 0 0 0 0 0 0 
0 0 0 0 0 0 0 0 0 0 0 0 0 0 0 0 0 0 0 0 0 0 0 0 0 0 0 0 0 0 0 0 0 0 0 0 0 0 0 0 0 0 0 0 0 0 0 0 0 0 0 0 0 0 0 0 0 0 0 0 0 0 0 0 
0 0 0 0 0 0 0 0 0 0 0 0 0 0 0 0 0 0 0 0 0 0 0 0 0 0 0 0 0 0 0 0 0 0 0 0 0 0 0 0 0 0 0 0 0 0 0 0 0 0 0 0 0 0 0 0 0 0 0 0 0 0 0 0 
-0.115003 -0.10959 -0.0993038 -0.0757163 -0.0652171 -0.0482052 -0.0439165 -0.033639 -0.0250269 -0.0220388 -0.0188496 -0.015302 -0.0172332 -0.0196321 -0.0147182 -0.0172946 -0.0208391 -0.0260194 -0.0347323 -0.057094 -0.0643996 -0.0217375 -0.0111056 -0.00132818 0.00758133 0.0153898 0.0223749 0.0284768 0.0331235 0.0368782 0.0397087 0.0413198 0.0418851 0.0413198 0.0397087 0.0368782 0.0331235 0.0284768 0.0223749 0.0153898 0.00758133 -0.00132818 -0.0111056 -0.0217375 -0.0331661 -0.0265064 -0.0168051 -0.0126776 -0.010175 -0.00845788 -0.00719915 -0.00623695 -0.00547654 -0.00486457 -0.00435987 -0.0039383 -0.00358129 -0.00327591 -0.00301234 -0.00278284 -0.0025819 -0.00240477 -0.00224779 -0.00210777 
0.110668 0.0770704 0.0794376 0.0491292 0.0506752 0.00720961 -0.0257942 -0.0224067 -0.0636897 -0.0595283 -0.0964512 -0.126705 -0.132263 -0.157036 -0.183833 -0.186866 -0.210918 -0.234593 -0.232247 -0.200074 -0.108558 -0.00436908 0.0681239 0.155498 0.205561 0.274516 0.300268 0.349635 0.350552 0.381192 0.403569 0.371237 0.375952 0.372543 0.360781 0.297489 0.271951 0.23877 0.197975 0.1498 0.0780711 0.0234423 -0.0373294 -0.103984 -0.176792 -0.252471 -0.124001 -0.0867684 -0.0674985 -0.0550986 -0.0463232 -0.03976 -0.0346607 -0.0305886 -0.0272698 -0.0245187 -0.0178275 -0.0162558 -0.014906 -0.0137348 -0.0127122 -0.0118136 -0.0110188 -0.0103117 
0.14674 0.155156 0.165899 0.174811 0.177731 0.186328 0.179347 0.179317 0.188317 0.163929 0.169438 0.137275 0.141608 0.103792 0.106487 0.0676308 0.0746045 0.0380543 0.0641904 0.144774 0.272416 0.346481 0.459802 0.518725 0.569264 0.656852 0.688024 0.755926 0.764322 0.809716 0.793904 0.815717 0.774016 0.771047 0.704206 0.676129 0.586271 0.533834 0.469042 0.35075 0.26361 0.164576 0.0328075 -0.0837771 -0.212116 -0.338112 -0.425665 -0.310144 -0.213232 -0.162539 -0.114347 -0.096523 -0.0831139 -0.072653 -0.064267 -0.0501426 -0.0452127 -0.041047 -0.0374917 -0.0344219 -0.0317541 -0.0294191 -0.0237896 -0.0222206 
0.0835817 0.100398 0.113774 0.106482 0.113158 0.137719 0.156046 0.178346 0.19517 0.227312 0.255253 0.268699 0.272032 0.294193 0.309258 0.294431 0.31541 0.331258 0.389623 0.532531 0.62309 0.754177 0.826894 0.939725 0.992072 1.08632 1.1182 1.19216 1.20325 1.25473 1.24252 1.27226 1.22803 1.22482 1.15339 1.12458 1.02928 0.91573 0.844207 0.700484 0.598066 0.479295 0.294011 0.144941 -0.0607273 -0.238659 -0.455714 -0.468257 -0.424336 -0.377963 -0.331092 -0.282509 -0.185747 -0.15701 -0.135805 -0.119318 -0.0928089 -0.0835745 -0.0758027 -0.0691716 -0.056255 -0.0519452 -0.0481659 -0.0448288 
0.0549238 0.0586167 0.0474143 0.0542931 0.090717 0.095712 0.0874719 0.107515 0.121981 0.154152 0.173062 0.209625 0.251948 0.280545 0.308723 0.345668 0.373928 0.42905 0.592279 0.753336 0.911724 1.05803 1.16588 1.2942 1.41223 1.47677 1.57427 1.60992 1.68676 1.75467 1.74314 1.77677 1.72726 1.72406 1.64867 1.61701 1.51789 1.47163 1.34916 1.2055 1.1078 0.928162 0.795958 0.579551 0.412153 0.158616 -0.111646 -0.271958 -0.293958 -0.277091 -0.271166 -0.31854 -0.310245 -0.330226 -0.327883 -0.302366 -0.287328 -0.25436 -0.169957 -0.150741 -0.135395 -0.104273 -0.0957779 -0.0883997 
0.0393513 0.0286489 0.00690118 0.0229813 0.0414154 0.0329165 0.0420741 0.0532234 0.0469506 0.0600366 0.0970478 0.101812 0.114884 0.156224 0.191594 0.258521 0.359332 0.498725 0.713188 0.905476 1.0879 1.25178 1.42303 1.56047 1.67499 1.79991 1.94104 2.06439 2.11767 2.20156 2.25377 2.29447 2.25872 2.25491 2.23359 2.13662 2.0791 1.96583 1.90149 1.76618 1.66418 1.49583 1.35249 1.15311 0.935238 0.746559 0.494065 0.271545 0.236287 0.203604 0.210054 0.159692 0.0980869 0.0943749 0.0313013 -0.0476094 -0.0493892 -0.129864 -0.129032 -0.219058 -0.200382 -0.258879 -0.268437 -0.245245 
0.0122992 -0.00328781 -9.48434e-05 0.0137481 0.00859712 -0.00289877 0.0312444 0.0314174 0.0318409 0.0287915 0.0982595 0.202975 0.280917 0.299312 0.261122 0.191148 0.147265 0.383025 0.647852 0.895863 1.15321 1.39016 1.61464 1.84235 2.03339 2.22442 2.37386 2.51379 2.62116 2.60525 2.67875 2.71789 2.73733 2.74305 2.72651 2.69491 2.63523 2.53956 2.41212 2.26572 2.11064 1.92004 1.70023 1.44774 1.19007 0.889437 0.562719 0.267328 0.0729268 0.201503 0.330868 0.374719 0.342839 0.220999 0.0700624 0.041697 0.0841756 0.0663085 0.104839 0.107086 0.155351 0.206743 0.208936 0.186481 
-0.0257179 -0.031543 -0.018051 -0.00871648 -0.0319405 -0.0437849 -0.00478303 -0.0141472 -0.00786074 0.0199853 0.232499 0.395797 0.50299 0.507751 0.448742 0.334888 0.0986165 0.141553 0.481978 0.81824 1.10866 1.4301 1.67795 1.95227 2.16865 2.38461 2.58866 2.88938 3.04464 3.21425 3.32993 3.384 3.45997 3.46918 3.47948 3.4194 3.2841 3.1403 3.02691 2.80048 2.58704 2.34344 2.01643 1.69628 1.25719 0.843659 0.318804 -0.248606 -0.363514 0.151747 0.489986 0.627201 0.597531 0.413755 0.0371588 -0.410121 -0.367474 -0.356762 -0.288649 -0.259073 -0.241133 -0.186722 -0.136939 -0.161799 
-0.062476 -0.0595218 -0.0427224 -0.0404606 -0.0775732 -0.0752388 -0.0590157 -0.0813202 -0.0871791 0.0863144 0.341553 0.53552 0.666035 0.654842 0.548471 0.325332 -0.0195196 -0.0346804 0.320348 0.712592 1.0885 1.50696 1.86372 2.19038 2.55365 2.79325 3.03472 3.28403 3.45319 3.63102 3.80133 3.88839 3.93688 3.9868 3.96585 3.9629 3.81507 3.67204 3.45185 3.27766 3.01889 2.73392 2.37098 1.98069 1.62121 1.13503 0.676078 0.200163 0.408317 0.968878 1.26375 1.46646 1.46741 1.27107 0.863534 0.388006 0.0378085 0.0921243 0.0359876 0.147943 0.105841 0.180046 0.201406 0.102608 
-0.101688 -0.0987067 -0.0958201 -0.0973081 -0.141125 -0.142211 -0.149739 -0.170763 -0.242641 0.0939537 0.369177 0.570797 0.630235 0.559168 0.476195 0.262986 0.0874868 0.14904 0.36349 0.845933 1.28645 1.68222 2.12126 2.45441 2.87387 3.14708 3.41639 3.69958 3.87049 4.10233 4.21711 4.37139 4.43211 4.48091 4.43665 4.39725 4.31606 4.1343 4.00891 3.74812 3.61211 3.25568 2.99741 2.5907 2.22104 1.70729 1.23806 1.00017 1.168 1.6453 2.00317 2.1359 2.10777 1.84581 1.49002 0.937616 0.254604 0.255876 0.184939 0.222921 0.175784 0.0730502 0.0906948 0.0590139 
-0.164727 -0.170936 -0.164734 -0.207637 -0.272526 -0.305919 -0.372876 -0.420252 -0.432053 -0.00379755 0.340895 0.57692 0.751828 0.755111 0.677801 0.55801 0.322638 0.392235 0.644969 1.11745 1.63792 2.0604 2.52039 2.84753 3.29813 3.68354 3.96676 4.28586 4.44233 4.70823 4.8216 4.96562 5.00518 5.04714 5.04048 4.98202 4.79901 4.6794 4.43799 4.21152 3.97072 3.68736 3.34605 2.99722 2.56335 2.07955 1.55104 1.43803 1.48033 1.93936 2.23234 2.37356 2.28174 2.04217 1.64493 1.06731 0.220334 0.25906 0.153835 0.137606 0.109755 -0.0112367 0.0389574 0.0565345 
-0.28031 -0.276101 -0.314636 -0.373132 -0.427823 -0.442804 -0.442702 -0.365894 -0.385872 0.196718 0.538089 0.90429 1.07423 1.25643 1.15843 1.12792 0.946385 1.01899 1.33204 1.81251 2.31 2.82674 3.15999 3.54984 3.8685 4.18675 4.51678 4.73519 4.94624 5.12708 5.29636 5.36989 5.40897 5.45661 5.43459 5.36685 5.16166 4.977 4.76387 4.48147 4.19337 3.84586 3.45185 3.07544 2.57932 2.09226 1.62116 1.43788 1.50898 2.00137 2.25112 2.34754 2.16432 1.92303 1.49036 0.858773 0.0540806 0.0964158 0.0430965 0.0474544 0.032411 -0.105255 -0.0406046 0.0178974 
-0.0123795 -0.0181108 0.113084 0.0880156 0.247489 0.321783 0.339527 0.414027 0.393328 0.736937 1.12368 1.37526 1.54343 1.66217 1.62031 1.45607 1.21753 1.28825 1.65887 2.1757 2.67117 3.1496 3.55896 3.94866 4.26593 4.61586 4.88229 5.09178 5.32989 5.50111 5.63491 5.72524 5.78374 5.79085 5.7135 5.57997 5.40849 5.19201 4.95097 4.72469 4.43892 4.03721 3.60895 3.13119 2.60784 1.99386 1.41249 0.927515 1.05679 1.51929 1.81751 1.96319 1.87008 1.57857 1.14045 0.477062 -0.0883254 -0.0409086 -0.0634808 0.00336276 0.0057685 -0.11735 -0.083556 -0.0104976 
0.00535904 0.030892 -0.0413492 -0.0957076 0.0374686 0.0308019 -0.0107183 0.0173069 -0.0786736 0.0544521 0.514534 0.820424 1.02019 1.08194 0.954723 0.694592 0.255296 0.514175 1.22236 1.87097 2.52135 3.06969 3.58881 4.06572 4.512 4.86623 5.20456 5.51158 5.714 5.852 5.98175 6.04354 6.04434 5.99279 5.87942 5.74979 5.55252 5.31513 5.0381 4.73141 4.36617 3.95371 3.48408 2.94295 2.40047 1.79024 1.13909 0.444893 0.354964 0.929141 1.26633 1.41839 1.38324 1.01525 0.561284 -0.0401802 -0.0675156 -0.0821078 -0.131352 -0.0354529 -0.0503676 -0.100242 -0.0662428 -0.0916291 
-0.0122434 0.0256761 -0.0248466 -0.0567315 0.0499822 0.0604355 -0.0431215 -0.00562176 0.0122832 0.0417747 0.051017 0.277438 0.54804 0.558757 0.43026 0.141293 0.00648754 0.349702 1.06329 1.71951 2.34259 2.88789 3.44079 3.90588 4.32768 4.71719 5.05245 5.35915 5.59122 5.74864 5.82888 5.86802 5.86995 5.8218 5.72391 5.56304 5.36457 5.14813 4.87423 4.55839 4.19686 3.7794 3.30802 2.80453 2.21925 1.62743 0.960492 0.267867 -0.0832115 0.17043 0.536555 0.660623 0.582461 0.322128 -0.104005 -0.108607 -0.075932 -0.0797379 -0.0813335 -0.0854222 -0.115432 -0.0522807 -0.0410582 -0.102571 
-0.0864949 -0.0467403 0.0291098 0.0116898 -0.0188282 0.0177839 -0.0318362 -0.000629209 0.0389261 -0.00106115 -0.021434 0.0359416 0.0151327 0.00493636 0.0191706 0.0265035 0.0263787 0.194817 0.88396 1.54352 2.13683 2.71202 3.22174 3.68658 4.11713 4.48773 4.81937 5.11788 5.36119 5.53565 5.6321 5.66532 5.6596 5.58891 5.48071 5.34389 5.15786 4.93592 4.66289 4.35645 3.98493 3.56365 3.09048 2.56133 2.00783 1.3922 0.734606 0.0371321 -0.0933279 -0.0875731 -0.087579 -0.0859612 -0.0815707 -0.0796075 -0.069521 -0.0765729 -0.0667616 -0.0862102 -0.0600171 -0.0634909 -0.0781029 -0.059087 -0.0701406 -0.0863038 
-0.0409925 -0.056648 -0.0152526 -0.00651605 -0.060319 -0.0292658 0.00553279 -0.0261856 -0.017744 -0.0190454 0.0104714 -0.017226 -0.00746564 0.00617486 0.00132544 0.0139213 0.013135 0.0395481 0.614367 1.26551 1.87895 2.42391 2.95052 3.41259 3.82885 4.20368 4.52823 4.80784 5.03425 5.23082 5.33895 5.39732 5.3889 5.33236 5.2389 5.10801 4.9296 4.70799 4.43059 4.10637 3.73197 3.30217 2.83264 2.31077 1.74202 1.13107 0.472126 -0.103354 -0.0894624 -0.0810306 -0.0738427 -0.0685865 -0.063145 -0.0762797 -0.0668789 -0.060428 -0.068538 -0.061833 -0.0545209 -0.0837607 -0.0491274 -0.0511569 -0.0817606 -0.0569605 
-0.00369094 -0.0303505 -0.0347871 -0.00585154 -0.00257272 -0.0328759 -0.00684867 -0.0101216 -0.0110036 -0.00179798 -0.00928724 -0.00289022 0.00530767 0.00361229 0.00838672 0.0125803 0.0146511 0.0279103 0.305619 0.953974 1.55371 2.11573 2.62679 3.09177 3.50724 3.87426 4.19192 4.46685 4.68234 4.85769 4.98197 5.05161 5.06449 5.02854 4.94729 4.8131 4.63494 4.4044 4.12339 3.79406 3.4154 2.98944 2.51569 1.99487 1.42694 0.814171 0.154668 -0.0917795 -0.0798043 -0.0841536 -0.0798161 -0.0769669 -0.0725454 -0.0591883 -0.0696557 -0.0606274 -0.0654056 -0.0519484 -0.0779335 -0.0522455 -0.0507697 -0.0765227 -0.0542099 -0.0421945 
-0.00086808 -0.00136403 -0.0243571 -0.0251912 -0.000218556 -0.00452955 -0.0284268 0.00185737 -0.00872871 -0.00344395 -0.0017306 0.00460027 -0.00507309 0.00749136 0.0111193 0.016677 0.0131492 0.023298 0.0498723 0.603284 1.2042 1.75937 2.26921 2.73078 3.14561 3.51063 3.82856 4.09778 4.31617 4.48489 4.6049 4.67353 4.69193 4.66073 4.57905 4.44612 4.26504 4.03404 3.75269 3.42252 3.04306 2.61752 2.14406 1.62402 1.05711 0.445697 -0.105409 -0.0927131 -0.0822676 -0.076198 -0.0730417 -0.0697552 -0.0640051 -0.0715992 -0.0595036 -0.0670074 -0.054835 -0.0733022 -0.0495451 -0.0537391 -0.0704332 -0.0499774 -0.0449928 -0.0605809 
-0.0281353 -0.0038272 0.00189239 -0.00892668 -0.0239319 0.00120393 0.00269044 -0.0183014 0.00328425 -0.00234759 0.000648978 0.00263818 0.00899944 0.000475423 0.0102114 0.0159349 0.0193108 0.0289746 0.0364289 0.210891 0.803162 1.35707 1.8644 2.32433 2.73694 3.10065 3.41628 3.68424 3.90133 4.0696 4.18752 4.25531 4.27285 4.24094 4.15895 4.0265 3.84428 3.61258 3.33258 3.00138 2.62453 2.19863 1.72458 1.20464 0.638915 0.033136 -0.0968931 -0.0831964 -0.0787956 -0.0754304 -0.0688849 -0.0647111 -0.0664074 -0.0615277 -0.0574086 -0.0576727 -0.0607438 -0.0505992 -0.0648979 -0.0524287 -0.0467295 -0.0520634 -0.0659293 -0.046846 
-0.00176359 -0.0217354 -0.0149648 0.00141124 0.00164943 -0.0115534 -0.00615137 0.00484045 -0.00325225 0.00149927 0.00803832 0.00129753 0.00821982 0.0110163 0.0102304 0.0162133 0.0212473 0.0250233 0.0332058 0.0506269 0.356794 0.906792 1.41143 1.86966 2.28162 2.64327 2.95698 3.222 3.43799 3.60508 3.72157 3.78853 3.80529 3.77261 3.69002 3.5578 3.37489 3.14364 2.8626 2.53177 2.15459 1.73072 1.25811 0.740188 0.174502 -0.100234 -0.0859016 -0.0776437 -0.0714687 -0.0716145 -0.0652031 -0.0599409 -0.0602398 -0.0542219 -0.0611741 -0.0494562 -0.054554 -0.0507911 -0.0441957 -0.0507265 -0.0538738 -0.0382372 -0.0262024 -0.0261651 
0.00187907 0.00648617 0.0109003 0.000224358 0.000175432 0.0107054 0.0164936 0.00807589 0.0118325 0.0215883 0.0154353 0.0242525 0.0267678 0.0328821 0.0353851 0.0439109 0.0610982 0.0752481 0.096867 0.13958 0.202256 0.52241 0.975494 1.38737 1.75345 2.06607 2.33889 2.57089 2.75882 2.9033 2.96887 3.02407 3.03649 3.00655 2.93415 2.78689 2.63334 2.43861 2.18337 1.91384 1.59643 1.25713 0.883781 0.481456 0.196359 0.14294 0.122251 0.107277 0.0742162 0.0733594 0.0776204 0.0547433 0.0631715 0.0701644 0.0670022 0.0628223 0.0552083 0.0370711 0.0379851 0.0134775 0.00812504 -0.0301899 -0.0569827 -0.0509798 
0.0148229 0.00400512 -0.00021337 0.00831576 0.0178887 0.021999 0.0132253 0.0172671 0.0266755 0.0310674 0.0274497 0.038593 0.0393008 0.0453914 0.0598052 0.0723391 0.0817547 0.101787 0.13744 0.186005 0.21655 0.238339 0.483559 0.852381 1.18559 1.47877 1.71012 1.91917 2.08801 2.18925 2.27772 2.29669 2.30672 2.27901 2.18445 2.0824 1.91731 1.74464 1.51226 1.24814 0.978575 0.651441 0.31991 0.0729173 0.0386652 0.0362548 0.00651144 0.00644785 -0.0198605 -0.0210145 -0.0495275 -0.0454692 -0.0742295 -0.0635666 -0.0780945 -0.0715105 -0.047296 -0.043421 -0.0304105 -0.0231942 -0.0200649 -0.0180387 -0.0189473 -0.0171942 
0.000916578 0.00683544 0.0183464 0.0288284 0.0308457 0.0192509 0.0198178 0.0274101 0.0426699 0.0381724 0.0381479 0.0508671 0.0636854 0.071795 0.0909519 0.112794 0.127624 0.135548 0.143509 0.153989 0.157398 0.150373 0.159346 0.24925 0.564976 0.846018 1.06436 1.26595 1.40521 1.52939 1.59202 1.6404 1.62774 1.57956 1.51842 1.39828 1.26696 1.07945 0.879951 0.626642 0.363556 0.0509255 -0.0693407 -0.0855489 -0.0818155 -0.0860986 -0.0767059 -0.0619252 -0.0456348 -0.0332018 -0.0210077 -0.0174189 -0.0122767 -0.00885969 -0.00863366 -0.00643604 -0.00421409 -0.0025357 -0.00493072 -0.00516968 -0.00248885 -0.000219454 0.000335791 -0.000493691 
0.0255188 0.025856 0.0274676 0.0320872 0.0349912 0.0378914 0.0516357 0.0567395 0.0620523 0.0764344 0.0771995 0.0805502 0.0828693 0.0824561 0.0738917 0.0749312 0.0765411 0.0611536 0.0642995 0.0437568 0.0426124 0.0255463 0.00546707 0.00848469 -0.00841083 0.187732 0.410745 0.613807 0.760688 0.888794 0.959774 0.99554 1.01089 0.974752 0.919267 0.815713 0.691343 0.535237 0.337603 0.119942 -0.0594832 -0.0533063 -0.0401311 -0.0126652 -0.00394381 -0.00290555 0.00215716 0.00110165 0.00430403 0.00433586 0.00434511 0.00490642 0.0047731 0.0047902 0.00401253 0.00350633 0.00481465 0.00533921 0.00517631 0.00328548 0.00228874 0.00197849 0.00300074 0.00477079 
0.048003 0.0536599 0.0537861 0.0497552 0.0515485 0.0527621 0.0423814 0.0419794 0.0269348 0.026646 0.0104225 0.0120121 -0.00214911 -0.0170242 -0.0164056 -0.0271167 -0.0274719 -0.0360121 -0.043031 -0.0434029 -0.0517517 -0.0580567 -0.0546925 -0.0596336 -0.0639489 -0.0696034 -0.0709036 0.0277662 0.189119 0.309064 0.399971 0.446668 0.467578 0.455447 0.403703 0.328854 0.223657 0.0925395 0.0135503 0.0138472 0.0171808 0.0167282 0.0127789 0.0138041 0.0117516 0.0120333 0.0098091 0.00997748 0.0103294 0.00803806 0.00844686 0.00806058 0.00839668 0.00611462 0.00680772 0.00611014 0.00607944 0.00697487 0.0064 0.00600807 0.00463457 0.00467746 0.00424968 0.0029001 
-0.0150486 -0.0145784 -0.0198736 -0.019603 -0.0194754 -0.0132315 -0.00813281 -0.00564956 -0.00408776 -0.00300893 -0.00222849 -0.0022674 -0.00167778 -0.00123426 -0.000899296 -0.000645726 -0.000660297 -0.000471039 -0.000484397 -0.000345496 -0.000359856 -0.000264536 -0.000289926 -0.000321717 -0.000278478 -0.00035987 -0.000511858 -0.000822465 -0.00126766 -0.00372861 0.000468809 0.0144602 0.0264468 0.0259336 0.0165485 0.00846766 0.0085173 0.00708397 0.00665241 0.00633987 0.00692702 0.00482362 0.00631509 0.00724629 0.0050593 0.00376643 0.00510935 0.00657014 0.00590084 0.00468826 0.00352609 0.00456953 0.00541419 0.0053352 0.00458591 0.00438085 0.00471726 0.00396949 0.00329831 0.00371422 0.00401409 0.00409099 0.00355619 0.00242948 
0 0 0 0 0 0 0 0 0 0 0 0 0 0 0 0 0 0 0 0 0 0 0 0 0 0 0 0 0 0 0 0 0 0 0 0 0 0 0 0 0 0 0 0 0 -4.45857e-07 -1.24112e-05 -6.65889e-05 -4.37697e-05 -8.42386e-05 -0.000149271 2.71512e-05 0.000211041 0.000420256 0.000699772 0.000987832 0.00120013 0.0011217 0.000782231 0.000358543 -7.30578e-05 0.000137633 0.000558255 0.00100614 
0 0 0 0 0 0 0 0 0 0 0 0 0 0 0 0 0 0 0 0 0 0 0 0 0 0 0 0 0 0 0 0 0 0 0 0 0 0 0 0 0 0 0 0 0 0 0 0 0 0 0 0 0 0 0 0 0 0 0 0 0 0 0 -2.00013e-09 
0 0 0 0 0 0 0 0 0 0 0 0 0 0 0 0 0 0 0 0 0 0 0 0 0 0 0 0 0 0 0 0 0 0 0 0 0 0 0 0 0 0 0 0 0 0 0 0 0 0 0 0 0 0 0 0 0 0 0 0 0 0 0 0 
0 0 0 0 0 0 0 0 0 0 0 0 0 0 0 0 0 0 0 0 0 0 0 0 0 0 0 0 0 0 0 0 0 0 0 0 0 0 0 0 0 0 0 0 0 0 0 0 0 0 0 0 0 0 0 0 0 0 0 0 0 0 0 0 
0 0 0 0 0 0 0 0 0 0 0 0 0 0 0 0 0 0 0 0 0 0 0 0 0 0 0 0 0 0 0 0 0 0 0 0 0 0 0 0 0 0 0 0 0 0 0 0 0 0 0 0 0 0 0 0 0 0 0 0 0 0 0 0 
0 0 0 0 0 0 0 0 0 0 0 0 0 0 0 0 0 0 0 0 0 0 0 0 0 0 0 0 0 0 0 0 0 0 0 0 0 0 0 0 0 0 0 0 0 0 0 0 0 0 0 0 0 0 0 0 0 0 0 0 0 0 0 0 
0 0 0 0 0 0 0 0 0 0 0 0 0 0 0 0 0 0 0 0 0 0 0 0 0 0 0 0 0 0 0 0 0 0 0 0 0 0 0 0 0 0 0 0 0 0 0 0 0 0 0 0 0 0 0 0 0 0 0 0 0 0 0 0 
0 0 0 0 0 0 0 0 0 0 0 0 0 0 0 0 0 0 0 0 0 0 0 0 0 0 0 0 0 0 0 0 0 0 0 0 0 0 0 0 0 0 0 0 0 0 0 0 0 0 0 0 0 0 0 0 0 0 0 0 0 0 0 0 
0 0 0 0 0 0 0 0 0 0 0 0 0 0 0 0 0 0 0 0 0 0 0 0 0 0 0 0 0 0 0 0 0 0 0 0 0 0 0 0 0 0 0 0 0 0 0 0 0 0 0 0 0 0 0 0 0 0 0 0 0 0 0 0 
0 0 0 0 0 0 0 0 0 0 0 0 0 0 0 0 0 0 0 0 0 0 0 0 0 0 0 0 0 0 0 0 0 0 0 0 0 0 0 0 0 0 0 0 0 0 0 0 0 0 0 0 0 0 0 0 0 0 0 0 0 0 0 0 
0 0 0 0 0 0 0 0 0 0 0 0 0 0 0 0 0 0 0 0 0 0 0 0 0 0 0 0 0 0 0 0 0 0 0 0 0 0 0 0 0 0 0 0 0 0 0 0 0 0 0 0 0 0 0 0 0 0 0 0 0 0 0 0 
0 0 0 0 0 0 0 0 0 0 0 0 0 0 0 0 0 0 0 0 0 0 0 0 0 0 0 0 0 0 0 0 0 0 0 0 0 0 0 0 0 0 0 0 0 0 0 0 0 0 0 0 0 0 0 0 0 0 0 0 0 0 0 0 
0 0 0 0 0 0 0 0 0 0 0 0 0 0 0 0 0 0 0 0 0 0 0 0 0 0 0 0 0 0 0 0 0 0 0 0 0 0 0 0 0 0 0 0 0 0 0 0 0 0 0 0 0 0 0 0 0 0 0 0 0 0 0 0 
0 0 0 0 0 0 0 0 0 0 0 0 0 0 0 0 0 0 0 0 0 0 0 0 0 0 0 0 0 0 0 0 0 0 0 0 0 0 0 0 0 0 0 0 0 0 0 0 0 0 0 0 0 0 0 0 0 0 0 0 0 0 0 0 
0 0 0 0 0 0 0 0 0 0 0 0 0 0 0 0 0 0 0 0 0 0 0 0 0 0 0 0 0 0 0 0 0 0 0 0 0 0 0 0 0 0 0 0 0 0 0 0 0 0 0 0 0 0 0 0 0 0 0 0 0 0 0 0 
